,prompt,answer,candidate,predictions,top_prediction,predicts_answer_before_candidate
0,"You don't like hot weather. If I were you, between Aden and Milan I would visit ->",Milan,Aden,"{'Milan': 0.999956892685147, 'il': 2.038608495308423e-05, 'Lomb': 3.8842175393585645e-06, 'Mil': 7.254069037397771e-06, 'Italy': 5.287045366413484e-06}",Milan,True
1,"You don't like hot weather. If I were you, between Djibouti and Lhasa I would visit ->",Lhasa,Djibouti,"{'Tibet': 0.0034195647571417936, 'T': 0.0001671377893191889, 'L': 0.9952517965290988, '': 0.0005147332771026667, 'cold': 0.000263707242515803}",L,True
2,"You don't like hot weather. If I were you, between Juba and Calgary I would visit ->",Calgary,Juba,"{'Alberta': 0.0008712592317176713, 'Calgary': 0.9976369543984708, 'Edmonton': 0.0010023606609648808, 'C': 6.63133714574178e-05, 'cold': 0.00020693061792298394}",Calgary,True
3,"You don't like hot weather. If I were you, between San Antonio and Zagreb I would visit ->",Zagreb,San Antonio,"{'Z': 0.9997833239076559, 'Warsaw': 1.3925317105812235e-05, 'Budapest': 2.3445968425636253e-05, 'cold': 3.4015508669802384e-05, '': 5.1925243435464544e-05}",Z,True
4,"You don't like hot weather. If I were you, between Aden and Perth I would visit ->",Perth,Aden,"{'PER': 7.428081073153932e-06, 'Edinburgh': 0.00015913605974474934, 'Perth': 0.9998057352318442, 'cold': 9.243841610520948e-06, 'er': 1.040525074394604e-05}",Perth,True
5,"You don't like hot weather. If I were you, between La Ceiba and Saskatoon I would visit ->",Saskatoon,La Ceiba,"{'Edmonton': 5.367281585804949e-06, 'Winnipeg': 0.00021557105094488393, 'Sask': 0.8628065180188648, 'Saskatchewan': 0.1369555306009153, 'cold': 3.870259495770016e-06}",Sask,True
6,"You don't like hot weather. If I were you, between Manila and Irkutsk I would visit ->",Irkutsk,Manila,"{'Siberia': 0.006499411790139831, 'cold': 0.005857997835918097, 'Siberian': 0.0058634248542358425, 'Ir': 0.9403868742857783, 'Ark': 0.03580166064211689}",Ir,True
7,"You don't like hot weather. If I were you, between Sapporo and Yakutsk I would visit ->",Yakutsk,Sapporo,"{'Winnipeg': 0.0002232739645409937, 'Sapp': 0.9891605162120753, 'S': 0.0004930092605603153, 'cold': 0.006599773161566645, 'Ark': 0.0004965683104276248}",Sapp,False
8,"You don't like hot weather. If I were you, between La Ceiba and Amsterdam I would visit ->",Amsterdam,La Ceiba,"{'Dutch': 8.676338066923274e-06, 'Netherlands': 4.489460169294536e-05, 'Holland': 0.00012852051712909993, 'terdam': 2.2543089304097318e-05, 'Amsterdam': 0.9997826069432958}",Amsterdam,True
9,"You don't like hot weather. If I were you, between Tampa and Ürümqi I would visit ->",Ürümqi,Tampa,"{'Tampa': 0.44790200918038886, 'Tall': 0.18153091667068805, 'Winnipeg': 0.16983732700899362, 'Wichita': 0.04516731378906295, 'Ü': 0.04829795783820369}",Tampa,False
10,"You don't like hot weather. If I were you, between Denpasar and Hobart I would visit ->",Hobart,Denpasar,"{'Hob': 0.873792985567898, 'Tasman': 0.005337331873679182, 'T': 0.0002312343175202515, 'hob': 0.0011301562290702064, 'Tasmania': 0.11926914703071137}",Hob,True
11,"You don't like hot weather. If I were you, between Campos do Jordão and Saskatoon I would visit ->",Saskatoon,Campos do Jordão,"{'Edmonton': 2.2818772625770817e-05, 'Winnipeg': 0.0006713409686883219, 'Sask': 0.6215641222391229, 'Saskatchewan': 0.3777051780244026, 'cold': 7.763610976339456e-06}",Sask,True
12,"You don't like hot weather. If I were you, between Paramaribo and Addis Ababa I would visit ->",Addis Ababa,Paramaribo,"{'Edinburgh': 0.012631651387238279, 'Add': 0.967614214386692, 'Ethiopia': 0.0008489106658336606, 'dd': 0.01303414273705334, 'cold': 0.0016499389363948756}",Add,True
13,"You don't like hot weather. If I were you, between Toamasina and Yerevan I would visit ->",Yerevan,Toamasina,"{'T': 5.601175379815638e-05, 'Armenia': 0.009173492534108778, 'E': 6.482378302184952e-05, 'Y': 0.9902677340312243, 'Ash': 0.00027095792701619086}",Y,True
14,"You don't like hot weather. If I were you, between Kano and Moscow I would visit ->",Moscow,Kano,"{'Russia': 0.0001428846352218448, 'Warsaw': 3.734576648244329e-05, 'cold': 8.4712109264668e-05, 'oscow': 0.0027353824976451132, 'Moscow': 0.9968802096912627}",Moscow,True
15,"You don't like hot weather. If I were you, between Kingston and Novosibirsk I would visit ->",Novosibirsk,Kingston,"{'ov': 0.014544960539977196, 'Sochi': 0.007005334140817196, 'Siberia': 0.00621047435677439, 'Siberian': 0.008469439053170807, 'Nov': 0.9528897588842486}",Nov,True
16,"You don't like hot weather. If I were you, between Makurdi and Berlin I would visit ->",Berlin,Makurdi,"{'Berlin': 0.9999179129393272, 'er': 4.668923190826086e-05, 'Germany': 2.342679746545576e-05, 'cold': 2.878172539830191e-06, 'Dresden': 1.4610605234645234e-06}",Berlin,True
17,"You don't like hot weather. If I were you, between Palermo and Ürümqi I would visit ->",Ürümqi,Palermo,"{'ytes:\\xc3': 6.432282583865148e-05, 'ytes: \\xc4': 0.0002504535709817921, 'O': 7.991324094186053e-05, 'U': 0.0005132399927825405, 'Ü': 0.9986004694575766}",Ü,True
18,"You don't like hot weather. If I were you, between Changsha and Nur-Sultan I would visit ->",Nur-Sultan,Changsha,"{'Ni': 0.0014540216645735563, 'Chang': 0.7567647046128867, 'Chong': 0.22417418896860408, 'cold': 0.003523216247048472, 'Nur': 0.007004325445328732}",Chang,False
19,"You don't like hot weather. If I were you, between Abéché and Mexico City I would visit ->",Mexico City,Abéché,"{'Madrid': 0.06687651632528933, 'Warsaw': 0.00324504844440225, 'exico': 0.008511724610465754, 'Budapest': 0.012376620866416914, 'Mexico': 0.8990730238005756}",Mexico,True
20,"You don't like hot weather. If I were you, between Vientiane and Milwaukee I would visit ->",Milwaukee,Vientiane,"{'Milwaukee': 0.9969653852796438, 'WI': 1.5366081156032657e-05, 'Warsaw': 2.4207186647093594e-05, 'W': 3.174755003039205e-05, 'Wisconsin': 0.002926810545145933}",Milwaukee,True
21,"You don't like hot weather. If I were you, between Rosario and Irkutsk I would visit ->",Irkutsk,Rosario,"{'Siberia': 0.009774747545417241, 'cold': 0.02004756658353332, 'Siberian': 0.009856918347895805, 'Ir': 0.7928091378387904, 'Ark': 0.14720464757294738}",Ir,True
22,"You don't like hot weather. If I were you, between Cayenne and Tauranga I would visit ->",Tauranga,Cayenne,"{'t': 3.9405986404088655e-07, 'Tasman': 9.161186042792269e-07, 'T': 0.9999961161145423, 'Tau': 6.446676011769699e-07, '': 5.546658370153949e-07}",T,True
23,"You don't like hot weather. If I were you, between Ho Chi Minh City and Damascus I would visit ->",Damascus,Ho Chi Minh City,"{'Tehran': 0.0007303297598480377, 'Damascus': 0.9877602190087879, 'Edinburgh': 0.006365983767498848, 'Warsaw': 0.0014694354493765378, 'cold': 0.0014720672111046388}",Damascus,True
24,"You don't like hot weather. If I were you, between Bata and Baltimore I would visit ->",Baltimore,Bata,"{'Baltimore': 0.9980997892907283, 'Maryland': 2.7971791556863533e-05, 'Orioles': 7.725291509769147e-06, 'altimore': 0.0018114265408696716, 'Balt': 4.689567988879666e-05}",Baltimore,True
25,"You don't like hot weather. If I were you, between Lagos and Shanghai I would visit ->",Shanghai,Lagos,"{'Shanghai': 0.9830313668852138, 'Winnipeg': 0.00039324516935684974, 'Warsaw': 0.0012147554477751341, 'cold': 0.0006614924420149055, 'Detroit': 0.013363387334616728}",Shanghai,True
26,"You don't like hot weather. If I were you, between Dar es Salaam and Toluca I would visit ->",Toluca,Dar es Salaam,"{'Madrid': 7.654896879076748e-06, 'Tol': 0.9998257623511426, 'T': 9.168727097051076e-05, 'colder': 7.546376829650273e-06, 'cold': 5.00961699950641e-05}",Tol,True
27,"You don't like hot weather. If I were you, between Antsiranana and Indianapolis I would visit ->",Indianapolis,Antsiranana,"{'Indiana': 0.01022953044373693, 'Indianapolis': 0.9713680483337713, 'Colts': 0.0025774390224148724, 'Indy': 0.015282979817840403, 'IU': 0.00012003754369367988}",Indianapolis,True
28,"You don't like hot weather. If I were you, between Mumbai and Suwałki I would visit ->",Suwałki,Mumbai,"{'SU': 0.007082427236607412, 'Su': 0.9105322193541296, 'Warsaw': 0.07161911294967006, 'cold': 0.001136219903945562, 'u': 0.004506261071558987}",Su,True
29,"You don't like hot weather. If I were you, between Conakry and Halifax I would visit ->",Halifax,Conakry,"{'Nova': 1.2659090300888088e-05, 'Har': 1.123307611842331e-06, 'Halifax': 0.9999777544614357, 'al': 2.2039000876133236e-06, 'Dartmouth': 2.534870517842002e-06}",Halifax,True
30,"You don't like hot weather. If I were you, between Makassar and Milwaukee I would visit ->",Milwaukee,Makassar,"{'Milwaukee': 0.9903206038563033, 'WI': 2.3068926941869012e-05, 'Brewers': 2.4997193484944146e-05, 'W': 5.2412732998577646e-05, 'Wisconsin': 0.009510032357115252}",Milwaukee,True
31,"You don't like hot weather. If I were you, between Makassar and Tauranga I would visit ->",Tauranga,Makassar,"{'Ta': 1.3345265142452873e-06, 't': 1.4273214243772379e-06, 'Tasman': 3.4370466063679305e-06, 'T': 0.9999883657376786, 'Tau': 1.2211860491955286e-06}",T,True
32,"You don't like hot weather. If I were you, between Cabo San Lucas and Ottawa I would visit ->",Ottawa,Cabo San Lucas,"{'Ottawa': 0.9992158885062106, 'O': 9.644863221487773e-05, 'cold': 2.557925209812501e-05, 'tt': 0.0005596455058209135, 'Ott': 8.808934274909392e-05}",Ottawa,True
33,"You don't like hot weather. If I were you, between Paramaribo and Yinchuan I would visit ->",Yinchuan,Paramaribo,"{'China': 3.329840699866739e-05, 'C': 0.00010192921053318566, 'y': 5.14668832924691e-05, 'Yin': 3.806771539533788e-05, 'Y': 0.9996632820822069}",Y,True
34,"You don't like hot weather. If I were you, between Makurdi and Novosibirsk I would visit ->",Novosibirsk,Makurdi,"{'ov': 0.007670120140775716, 'Sochi': 0.0036984724349468194, 'Siberia': 0.006874234411208355, 'Siberian': 0.004964660313693577, 'Nov': 0.9700665340819103}",Nov,True
35,"You don't like hot weather. If I were you, between Kuwait City and Ankara I would visit ->",Ankara,Kuwait City,"{'Istanbul': 0.0033187419453173193, 'Ankara': 0.9949789869398135, 'ytes: \\xc4': 0.0008076393080806524, 'colder': 0.00015853502676623583, 'cold': 0.0003098383029359176}",Ankara,True
36,"You don't like hot weather. If I were you, between San Antonio and Novosibirsk I would visit ->",Novosibirsk,San Antonio,"{'ov': 0.00987610871066045, 'Sochi': 0.0064520781904499, 'Siberia': 0.01044523589226802, 'Siberian': 0.01011231794223133, 'Nov': 0.9512489886374749}",Nov,True
37,"You don't like hot weather. If I were you, between Sacramento and Oslo I would visit ->",Oslo,Sacramento,"{'Norway': 6.175744641561405e-05, 's': 7.473746889106406e-05, 'Norwegian': 3.1898007848941256e-05, 'Oslo': 0.9985807406025708, 'O': 0.0011396813194473115}",Oslo,True
38,"You don't like hot weather. If I were you, between Mandalay and Calgary I would visit ->",Calgary,Mandalay,"{'Alberta': 0.0012362638152047568, 'Calgary': 0.9967564103398185, 'Edmonton': 0.0012620621106856239, 'C': 6.924261923645927e-05, 'cold': 0.0003836609646207011}",Calgary,True
39,"You don't like hot weather. If I were you, between Ouahigouya and Lisbon I would visit ->",Lisbon,Ouahigouya,"{'Madrid': 0.00031027982696980064, 'Portugal': 0.017725228770322263, 'Lis': 0.0006790111563370388, 'Lisbon': 0.9796016544518773, 'cold': 0.0010595517898968887}",Lisbon,True
40,"You don't like hot weather. If I were you, between Malabo and Quito I would visit ->",Quito,Malabo,"{'QU': 0.00034630582015921586, 'Qu': 0.9944306190275087, 'Ecuador': 0.0011572146790157468, 'u': 0.0026780608762197408, 'cold': 0.0005617335111374217}",Qu,True
41,"You don't like hot weather. If I were you, between Willemstad and Fianarantsoa I would visit ->",Fianarantsoa,Willemstad,"{'il': 7.995680552844529e-05, 'Edinburgh': 7.057511177851821e-05, 'W': 0.002434500930810604, 'F': 0.986058742087933, 'Wil': 0.011129444779270904}",F,True
42,"You don't like hot weather. If I were you, between Parakou and Copenhagen I would visit ->",Copenhagen,Parakou,"{'Denmark': 0.0018567845942018247, 'Danish': 6.202872337241994e-05, 'Copenhagen': 0.9967726228143569, 'C': 0.0010944974180790304, 'Christensen': 9.885237325365385e-05}",Copenhagen,True
43,"You don't like hot weather. If I were you, between Ouahigouya and Wellington I would visit ->",Wellington,Ouahigouya,"{'Wellington': 0.9996927875294181, 'W': 0.00023550792341487617, 'Well': 1.711550123692364e-05, 'cold': 6.629269107761713e-06, 'New': 3.230278850622293e-05}",Wellington,True
44,"You don't like hot weather. If I were you, between Jakarta and Kansas City I would visit ->",Kansas City,Jakarta,"{'KC': 8.30168465733668e-05, 'ansas': 0.0047017391819537515, 'Wichita': 0.0012458743579716917, 'K': 0.0008779943494991825, 'Kansas': 0.9929754910138732}",Kansas,True
45,"You don't like hot weather. If I were you, between Jakarta and London I would visit ->",London,Jakarta,"{'ondon': 0.0006011512447084271, 'London': 0.9992938509906468, 'L': 1.8089787598544345e-05, 'England': 2.2828837923733866e-05, 'cold': 1.657170226596499e-05}",London,True
46,"You don't like hot weather. If I were you, between Mumbai and Tashkent I would visit ->",Tashkent,Mumbai,"{'T': 0.9999971861801588, 'Uzbek': 2.7166694169498303e-07, 'cold': 1.731869829188735e-07, '': 1.7491353112456393e-06, 'Ash': 3.15294725199791e-07}",T,True
47,"You don't like hot weather. If I were you, between Dar es Salaam and Campos do Jordão I would visit ->",Campos do Jordão,Dar es Salaam,"{'Edinburgh': 0.012785693863833363, 'C': 0.05548318927821451, 'Conce': 0.007161026087264988, 'cold': 0.04550916248506415, 'Camp': 0.8377611943958335}",Camp,True
48,"You don't like hot weather. If I were you, between Belgrade and Ulaanbaatar I would visit ->",Ulaanbaatar,Belgrade,"{'Edinburgh': 0.0015438427166855975, 'Warsaw': 0.0006344481449479029, 'Bel': 0.991008144717749, 'Sof': 0.0012533787176664001, 'cold': 0.0011804282294801875}",Bel,False
49,"You don't like hot weather. If I were you, between Maputo and Amsterdam I would visit ->",Amsterdam,Maputo,"{'Dutch': 1.891680268311298e-05, 'Netherlands': 0.00011338561801252551, 'Holland': 0.0002829676437206919, 'terdam': 3.6702415046025226e-05, 'Amsterdam': 0.9995197524757766}",Amsterdam,True
50,"You don't like hot weather. If I were you, between Thiès and Nur-Sultan I would visit ->",Nur-Sultan,Thiès,"{'Ni': 0.06300900035605486, 'Tehran': 0.015724197674290275, 'Winnipeg': 0.012090503128025822, 'cold': 0.022967355438844848, 'Nur': 0.8296769423864763}",Nur,True
51,"You don't like hot weather. If I were you, between San Antonio and Lviv I would visit ->",Lviv,San Antonio,"{'Ukrainian': 5.689856140592638e-05, 'Lv': 0.9861989321354383, 'v': 0.0133620056318016, 'Vil': 0.00015217916715399424, 'cold': 6.458747832127202e-05}",Lv,True
52,"You don't like hot weather. If I were you, between Los Angeles and Saint Petersburg I would visit ->",Saint Petersburg,Los Angeles,"{'Petersburg': 0.006402069381631407, 'cold': 1.6564163856552163e-05, 'aint': 6.393312134245415e-05, 'St': 0.9552645893152193, 'Saint': 0.03818290028908814}",St,True
53,"You don't like hot weather. If I were you, between Harare and Saint Petersburg I would visit ->",Saint Petersburg,Harare,"{'Har': 0.0008369922891519251, 'Petersburg': 0.005357695716352922, 'aint': 5.642693175765046e-05, 'St': 0.954892723714531, 'Saint': 0.03867470926267011}",St,True
54,"You don't like hot weather. If I were you, between Mandalay and Mexico City I would visit ->",Mexico City,Mandalay,"{'Madrid': 0.10046761924164807, 'Warsaw': 0.001244703412918983, 'exico': 0.008232718524023692, 'Budapest': 0.016714904041300348, 'Mexico': 0.8678631830152135}",Mexico,True
55,"You don't like hot weather. If I were you, between Mahajanga and Johannesburg I would visit ->",Johannesburg,Mahajanga,"{'Bl': 8.988342545023805e-05, 'Edinburgh': 0.00012638787581969942, 'Johannes': 0.9993390930352833, 'Wit': 6.368687885765255e-05, 'cold': 7.306405761645892e-05}",Johannes,True
56,"You don't like hot weather. If I were you, between Lisbon and Ulaanbaatar I would visit ->",Ulaanbaatar,Lisbon,"{'Edinburgh': 0.0723434110892451, 'Warsaw': 0.06723626629616782, 'Budapest': 0.04793266813656322, 'cold': 0.18213895394429033, 'U': 0.40502041732425065}",U,True
57,"You don't like hot weather. If I were you, between Kampala and Río Gallegos I would visit ->",Río Gallegos,Kampala,"{'R': 0.9972430856874502, 'glaciers': 0.00010565917228690364, 'cold': 0.0005652440348386777, 'Gal': 0.0011157382338700895, 'Ro': 0.00022123678603397931}",R,True
58,"You don't like hot weather. If I were you, between Mexicali and Almaty I would visit ->",Almaty,Mexicali,"{'l': 0.0033392591766291074, 'Kazakhstan': 5.400521186709822e-05, 'cold': 6.006711725594267e-05, 'Ash': 4.061768479958662e-05, 'Al': 0.9964064077634966}",Al,True
59,"You don't like hot weather. If I were you, between Baghdad and Ürümqi I would visit ->",Ürümqi,Baghdad,"{'Tehran': 0.0010421361312399056, 'ytes: \\xc4': 0.003636434174017117, 'U': 0.004135632498713572, 'Ü': 0.9825392096444122, 'Ark': 0.003687210016506172}",Ü,True
60,"You don't like hot weather. If I were you, between Monterrey and Saskatoon I would visit ->",Saskatoon,Monterrey,"{'Edmonton': 4.576463590067233e-06, 'Winnipeg': 0.0003576434562844081, 'Sask': 0.7622051224146126, 'Saskatchewan': 0.23741804232745053, 'cold': 2.56656533095054e-06}",Sask,True
61,"You don't like hot weather. If I were you, between Port Sudan and Toronto I would visit ->",Toronto,Port Sudan,"{'Ontario': 3.248474381233856e-05, 'Winnipeg': 1.2050504881809403e-05, 'oronto': 0.005857288475332816, 'TOR': 1.177886186833119e-05, 'Toronto': 0.9940490322727078}",Toronto,True
62,"You don't like hot weather. If I were you, between Lagos and Lyon I would visit ->",Lyon,Lagos,"{'Lyon': 0.9995658285497141, 'Lyons': 0.00038549366434448664, 'Marse': 1.1057053586818979e-05, 'Alps': 3.7136661079648846e-06, 'cold': 1.865868195164347e-05}",Lyon,True
63,"You don't like hot weather. If I were you, between Muscat and Boise I would visit ->",Boise,Muscat,"{'o': 6.424883285724081e-05, 'Idaho': 0.0007418590443694613, 'Boulder': 9.861206832838577e-06, 'Boise': 0.9989735372736446, 'cold': 0.000114083148799564}",Boise,True
64,"You don't like hot weather. If I were you, between Phoenix and Bergen I would visit ->",Bergen,Phoenix,"{'Norway': 0.00025695489353756224, 'Norwegian': 0.00012705379227016464, 'er': 0.0004325241045853743, 'Ber': 0.9989506495536423, 'cold': 6.396944567050931e-05}",Ber,True
65,"You don't like hot weather. If I were you, between Lomé and Bucharest I would visit ->",Bucharest,Lomé,"{'Romania': 9.08552479312092e-05, 'Buc': 7.499785836267524e-05, 'Buch': 0.9978222071394371, 'Warsaw': 0.0002981848385953897, 'Budapest': 0.0016552561644261911}",Buch,True
66,"You don't like hot weather. If I were you, between Mexicali and Oslo I would visit ->",Oslo,Mexicali,"{'Norway': 0.00014094314159683033, 's': 4.149278505244333e-05, 'Norwegian': 3.813176104020052e-05, 'Oslo': 0.9975845024206489, 'O': 0.002129718856981462}",Oslo,True
67,"You don't like hot weather. If I were you, between Riyadh and Baltimore I would visit ->",Baltimore,Riyadh,"{'Baltimore': 0.9978208959021363, 'Maryland': 4.2555434107273486e-05, 'Orioles': 1.1037069457974772e-05, 'altimore': 0.0020773704329305398, 'Balt': 3.5877148398682634e-05}",Baltimore,True
68,"You don't like hot weather. If I were you, between Lagos and Napier I would visit ->",Napier,Lagos,"{'Nap': 0.996679637336696, 'Edinburgh': 0.0020962651870233095, 'ap': 0.0006277942955566375, 'Dun': 0.00012090070126356624, 'New': 0.00011990437594195504}",Nap,True
69,"You don't like hot weather. If I were you, between Tampa and Ankara I would visit ->",Ankara,Tampa,"{'Istanbul': 0.009289613787021098, 'Ankara': 0.9896539256676746, 'ytes: \\xc4': 0.0002781063398413066, 'colder': 9.905166255034553e-05, 'cold': 0.00026195809755238215}",Ankara,True
70,"You don't like hot weather. If I were you, between Jakarta and Novosibirsk I would visit ->",Novosibirsk,Jakarta,"{'ov': 0.014267662016278177, 'Sochi': 0.006069776469754031, 'Siberia': 0.008586168366068249, 'Siberian': 0.007893145139838027, 'Nov': 0.9558763168312717}",Nov,True
71,"You don't like hot weather. If I were you, between Darwin and Yakutsk I would visit ->",Yakutsk,Darwin,"{'Yuk': 4.2129936045585724e-05, 'Yak': 0.9988298301832726, 'cold': 0.0003124178510456071, 'Y': 5.858253168106419e-05, 'Ark': 0.0005833676225080582}",Yak,True
72,"You don't like hot weather. If I were you, between Juba and Ushuaia I would visit ->",Ushuaia,Juba,"{'Antarctica': 8.082591553799233e-06, 'u': 7.052143110710945e-06, 'cold': 6.1346471237304436e-06, 'U': 0.9999251831689188, '': 3.0008406466654945e-05}",U,True
73,"You don't like hot weather. If I were you, between Bata and Ankara I would visit ->",Ankara,Bata,"{'Istanbul': 0.00047533867879956046, 'Ankara': 0.9991830470479225, 'ytes: \\xc4': 8.781308820839973e-05, 'colder': 5.6382541232320134e-05, 'cold': 9.246447881578653e-05}",Ankara,True
74,"You don't like hot weather. If I were you, between Vientiane and Ürümqi I would visit ->",Ürümqi,Vientiane,"{'ytes:\\xc3': 7.151330797922238e-05, 'ytes: \\xc4': 0.0002047290828320836, 'U': 0.0010451968898216094, 'Ü': 0.9983227106247115, '': 7.713333579178928e-05}",Ü,True
75,"You don't like hot weather. If I were you, between San Salvador and Sapporo I would visit ->",Sapporo,San Salvador,"{'Hok': 3.45724650682263e-05, 'Sapp': 0.9992355595336039, 'S': 0.0001631959388894022, 'Sochi': 3.75984399169388e-05, 'cold': 0.00016050058027181852}",Sapp,True
76,"You don't like hot weather. If I were you, between Toliara and Saskatoon I would visit ->",Saskatoon,Toliara,"{'Edmonton': 1.8043031756395616e-05, 'Winnipeg': 0.0002923099050009184, 'Sask': 0.8902405427680216, 'Saskatchewan': 0.10943228749958024, 'cold': 2.7361711645998803e-06}",Sask,True
77,"You don't like hot weather. If I were you, between Nakhon Ratchasima and Wellington I would visit ->",Wellington,Nakhon Ratchasima,"{'Wellington': 0.9997653847064735, 'W': 0.00014641448793921153, 'Well': 1.590988410585006e-05, 'cold': 8.830848103493111e-06, 'New': 4.729651234324731e-05}",Wellington,True
78,"You don't like hot weather. If I were you, between Luanda and Albuquerque I would visit ->",Albuquerque,Luanda,"{'Edmonton': 0.0002807977215454272, 'colder': 0.0002928942311366601, 'Albuquerque': 0.9925480690513953, 'cold': 0.004225907281682371, 'New': 0.001460462664454549}",Albuquerque,True
79,"You don't like hot weather. If I were you, between Barranquilla and Vienna I would visit ->",Vienna,Barranquilla,"{'Wi': 2.9465661192424555e-05, 'Austria': 4.039486035604331e-05, 'Vienna': 0.9997558512291632, 'Austrian': 1.685084085562512e-05, 'i': 0.00011857818807409703}",Vienna,True
80,"You don't like hot weather. If I were you, between Douala and Albuquerque I would visit ->",Albuquerque,Douala,"{'Edmonton': 0.0005455725850717339, 'colder': 0.0007405453379497566, 'Albuquerque': 0.983897592508285, 'cold': 0.008671088050871925, 'New': 0.004026021948863856}",Albuquerque,True
81,"You don't like hot weather. If I were you, between Villahermosa and Neuquén I would visit ->",Neuquén,Villahermosa,"{'NE': 0.00022166595865926144, 'Ni': 0.009967189803356489, 'Ne': 0.9878824085538616, 'cold': 0.0005081336776612017, 'e': 0.000811072590869959}",Ne,True
82,"You don't like hot weather. If I were you, between Tripoli and Ulaanbaatar I would visit ->",Ulaanbaatar,Tripoli,"{'Tall': 0.0007301029546492999, 'Mongolia': 0.0005842000981518202, 'cold': 0.004373589111426762, 'U': 0.9904324827327741, '': 0.0009804702053401774}",U,True
83,"You don't like hot weather. If I were you, between Buenos Aires and Oslo I would visit ->",Oslo,Buenos Aires,"{'Norway': 0.00013904081984443458, 's': 5.8084889812791884e-05, 'Norwegian': 3.8577166421840264e-05, 'Oslo': 0.9977794726266126, 'O': 0.0018998829499441096}",Oslo,True
84,"You don't like hot weather. If I were you, between Douala and Johannesburg I would visit ->",Johannesburg,Douala,"{'Edinburgh': 3.590410225703699e-05, 'Johann': 2.225751174080286e-05, 'Johannes': 0.9996890922418372, 'cold': 3.785963700699221e-05, 'Jo': 2.5697367582648403e-05}",Johannes,True
85,"You don't like hot weather. If I were you, between Manaus and Brussels I would visit ->",Brussels,Manaus,"{'Belg': 0.00014861284341113169, 'Belgium': 0.006783968661333744, 'Brussels': 0.9906136206732573, 'Br': 0.002165426368425765, 'Bru': 7.825357834038445e-05}",Brussels,True
86,"You don't like hot weather. If I were you, between Palembang and Omaha I would visit ->",Omaha,Palembang,"{'Nebraska': 0.00067604588973633, 'Omaha': 0.9968709714457898, 'O': 0.00241057975058711, '': 1.2085804208686932e-05, 'cold': 1.531040339770597e-05}",Omaha,True
87,"You don't like hot weather. If I were you, between La Ceiba and Ürümqi I would visit ->",Ürümqi,La Ceiba,"{'ytes:\\xc3': 7.964183801431524e-05, 'ytes: \\xc4': 0.00010679227131725784, 'U': 0.00041138830848479755, 'Ü': 0.9991301189660609, 'ytes: \\xc3': 7.058344013307137e-05}",Ü,True
88,"You don't like hot weather. If I were you, between Lake Havasu City and Berlin I would visit ->",Berlin,Lake Havasu City,"{'Berlin': 0.9999222041062575, 'er': 6.19704437681552e-05, 'Ber': 8.655982072180473e-07, 'Germany': 1.0391140394723739e-05, 'cold': 8.638246846641308e-07}",Berlin,True
89,"You don't like hot weather. If I were you, between La Paz and Minneapolis I would visit ->",Minneapolis,La Paz,"{'Minneapolis': 0.9961988634788591, 'Winnipeg': 0.00011008959760879055, 'innesota': 2.024622908048806e-05, 'cold': 1.6393363002741676e-05, 'Minnesota': 0.0035820235529582713}",Minneapolis,True
90,"You don't like hot weather. If I were you, between Bogotá and Irkutsk I would visit ->",Irkutsk,Bogotá,"{'Siberia': 0.014306242478682703, 'cold': 0.020600403829602158, 'Siberian': 0.023755376385355742, 'Ir': 0.7563863185101765, 'Ark': 0.16315594789548643}",Ir,True
91,"You don't like hot weather. If I were you, between Paramaribo and Ulaanbaatar I would visit ->",Ulaanbaatar,Paramaribo,"{'Mongolia': 0.0009556087366249967, 'cold': 0.00033083691762458465, 'U': 0.9973609249973906, '': 0.00046221934815426495, 'Detroit': 0.00021680006252486534}",U,True
92,"You don't like hot weather. If I were you, between Hamilton and Amsterdam I would visit ->",Amsterdam,Hamilton,"{'Dutch': 2.1352857211653156e-05, 'Netherlands': 0.00019083469039291986, 'Holland': 0.0007756322924647218, 'terdam': 4.778412913807202e-05, 'Amsterdam': 0.9989368800128944}",Amsterdam,True
93,"You don't like hot weather. If I were you, between Upington and Ulaanbaatar I would visit ->",Ulaanbaatar,Upington,"{'Tall': 0.0004282097124606296, 'O': 0.00044130394598489723, 'Mongolia': 0.0005366244802357676, 'cold': 0.0004648633809288446, 'U': 0.9959586553020969}",U,False
94,"You don't like hot weather. If I were you, between Lake Havasu City and Fairbanks I would visit ->",Fairbanks,Lake Havasu City,"{'Cold': 0.00013646477981040656, 'Alaska': 0.00029440358319645813, 'air': 0.0004665630459861107, 'cold': 0.0013214924990814756, 'Fair': 0.9972105993277728}",Fair,True
95,"You don't like hot weather. If I were you, between Hat Yai and Zürich I would visit ->",Zürich,Hat Yai,"{'Z': 0.9836191829838608, 'Switzerland': 4.7581382366077566e-05, 'Zur': 8.668280685619183e-05, 'Zurich': 0.016165579813461894, '': 2.1173905649778514e-05}",Z,True
96,"You don't like hot weather. If I were you, between Ségou and Ulaanbaatar I would visit ->",Ulaanbaatar,Ségou,"{'S': 0.0008820853834590758, 'Mongolia': 0.0012704167280658035, 'cold': 0.0007423732566295691, 'U': 0.9943991475864015, '': 0.0005820486631898525}",U,True
97,"You don't like hot weather. If I were you, between Cabo San Lucas and Denver I would visit ->",Denver,Cabo San Lucas,"{'Denver': 0.995749739034256, 'Boulder': 4.05816323051612e-05, 'Rockies': 0.00011549434387277732, 'enver': 0.0005380043028349463, 'Colorado': 0.0034183339353904317}",Denver,True
98,"You don't like hot weather. If I were you, between San Juan and Kuopio I would visit ->",Kuopio,San Juan,"{'Ni': 0.0005842902471817839, 'Ku': 0.9832966048637143, 'u': 0.008794482876174438, 'cold': 0.0017112395295120976, 'Helsinki': 0.003493251551016329}",Ku,True
99,"You don't like hot weather. If I were you, between Malabo and Cape Town I would visit ->",Cape Town,Malabo,"{'Cape': 0.9994361285353008, 'Edinburgh': 0.00018423268626889734, 'C': 0.00013403239949005095, 'cape': 3.8362505294731956e-05, 'Cap': 2.6877393903617264e-05}",Cape,True
100,"You don't like hot weather. If I were you, between Mumbai and Zürich I would visit ->",Zürich,Mumbai,"{'Z': 0.8044548145552205, 'Switzerland': 0.000107353224159615, 'Zur': 0.00025927066586270057, 'Zurich': 0.19502295683280357, '': 3.729206457226619e-05}",Z,True
101,"You don't like hot weather. If I were you, between Surabaya and Baltimore I would visit ->",Baltimore,Surabaya,"{'Baltimore': 0.9983991244704505, 'Maryland': 2.0922676231783664e-05, 'Orioles': 1.021030554686426e-05, 'altimore': 0.001530346650938312, 'Balt': 3.315258054060422e-05}",Baltimore,True
102,"You don't like hot weather. If I were you, between Tamanrasset and Moscow I would visit ->",Moscow,Tamanrasset,"{'Warsaw': 9.030524636038135e-05, 'Sochi': 5.490182322901253e-05, 'cold': 9.436767210304402e-05, 'oscow': 0.0027166303733222423, 'Moscow': 0.996865725924539}",Moscow,True
103,"You don't like hot weather. If I were you, between Nakhon Ratchasima and Vladivostok I would visit ->",Vladivostok,Nakhon Ratchasima,"{'Vlad': 0.998536870419296, 'Vladimir': 0.00033716268476013516, 'Siberia': 0.00019403247810510722, 'Siberian': 0.00010874400673466044, 'Ark': 0.00012263145515955482}",Vlad,True
104,"You don't like hot weather. If I were you, between Paramaribo and Podgorica I would visit ->",Podgorica,Paramaribo,"{'Pir': 0.0004158233613565266, 'Pod': 0.9380682888630895, 'P': 0.002517148162101065, 'od': 0.05649765760543761, 'cold': 0.0006452853086366458}",Pod,True
105,"You don't like hot weather. If I were you, between Makassar and Brussels I would visit ->",Brussels,Makassar,"{'Belg': 0.00014073864065884182, 'Belgium': 0.006404178570650077, 'Brussels': 0.9850650759874902, 'Br': 0.007739795599984056, 'Bru': 0.0002511648654479106}",Brussels,True
106,"You don't like hot weather. If I were you, between Erbil and Reykjavík I would visit ->",Reykjavík,Erbil,"{'Iceland': 0.05002787144298729, 'ce': 0.00039070322559471457, 'Rey': 0.9446012860927812, 'Icelandic': 0.0033687470466416407, 'cold': 0.00038299830284788995}",Rey,True
107,"You don't like hot weather. If I were you, between Medellín and Vladivostok I would visit ->",Vladivostok,Medellín,"{'Vlad': 0.9993764639394569, 'Vladimir': 0.00026754627926339427, 'Vit': 3.9541334110876586e-05, 'Siberia': 6.948157141853842e-05, 'Ark': 4.783055006117595e-05}",Vlad,True
108,"You don't like hot weather. If I were you, between Kingston and Tirana I would visit ->",Tirana,Kingston,"{'Edinburgh': 0.006430287689346344, 'T': 0.015226438303438412, 'Tir': 0.9634501720820374, 'cold': 0.0037893302141655243, 'tir': 0.006714859987041286}",Tir,True
109,"You don't like hot weather. If I were you, between Cairo and Amsterdam I would visit ->",Amsterdam,Cairo,"{'Netherlands': 0.0001405768842498461, 'Holland': 0.00041626769793995545, 'terdam': 5.019525789357678e-05, 'Amsterdam': 0.9992989780907539, 'cold': 4.4417678649158874e-05}",Amsterdam,True
110,"You don't like hot weather. If I were you, between Conakry and Skopje I would visit ->",Skopje,Conakry,"{'SK': 8.187339231900955e-05, 'k': 0.0021599791718383173, 'Macedonia': 0.00020181008017078418, 'Sk': 0.9972495839440171, 'cold': 0.00016020376848179175}",Sk,True
111,"You don't like hot weather. If I were you, between Dar es Salaam and Neuquén I would visit ->",Neuquén,Dar es Salaam,"{'NE': 0.00010951839849900597, 'Ni': 0.004669269703205249, 'Ne': 0.9935397669152345, 'cold': 0.0003130924636584537, 'e': 0.0009662016481878476}",Ne,True
112,"You don't like hot weather. If I were you, between Wau and Irkutsk I would visit ->",Irkutsk,Wau,"{'Siberia': 0.03107208970105425, 'cold': 0.013424816596786055, 'Siberian': 0.018045184797759104, 'Ir': 0.7587511127899615, 'Ark': 0.15783922931142746}",Ir,True
113,"You don't like hot weather. If I were you, between Kuwait City and Yinchuan I would visit ->",Yinchuan,Kuwait City,"{'C': 0.00013542832830261932, 'y': 5.166184792657152e-05, 'Yin': 0.00011093811884377643, '': 7.494035705987965e-05, 'Y': 0.9994131795465108}",Y,True
114,"You don't like hot weather. If I were you, between Garoua and Sucre I would visit ->",Sucre,Garoua,"{'S': 0.0006712083248185552, 'C': 7.38120175635706e-05, 'cold': 0.0008255643045001316, 'Suc': 0.9977557497038906, 'suc': 0.0004454667273168604}",Suc,True
115,"You don't like hot weather. If I were you, between Port-Gentil and Calgary I would visit ->",Calgary,Port-Gentil,"{'Alberta': 0.0006918793273466698, 'Calgary': 0.9978392544787742, 'Edmonton': 0.000867600328830487, 'C': 0.00014471344677484976, 'cold': 0.0002606111782268155}",Calgary,True
116,"You don't like hot weather. If I were you, between Phnom Penh and Brussels I would visit ->",Brussels,Phnom Penh,"{'Belg': 0.00022005809022253005, 'Belgium': 0.005801852592100113, 'Brussels': 0.9860523061035272, 'Br': 0.007142118771089736, 'Bru': 0.00022089358240441292}",Brussels,True
117,"You don't like hot weather. If I were you, between La Serena and Ulaanbaatar I would visit ->",Ulaanbaatar,La Serena,"{'a': 0.002510716772178116, 'S': 7.804961006293039e-06, 'La': 0.9972522065144214, 'cold': 0.00011062217408022225, 'la': 1.532476363119901e-05}",La,False
118,"You don't like hot weather. If I were you, between Manila and Milan I would visit ->",Milan,Manila,"{'Milan': 0.999957130154938, 'il': 1.8018618023224637e-05, 'Mil': 6.260778622473934e-06, 'cold': 6.324851511936124e-06, 'Italy': 6.4052794089470025e-06}",Milan,True
119,"You don't like hot weather. If I were you, between Lake Havasu City and Kuopio I would visit ->",Kuopio,Lake Havasu City,"{'Ni': 0.00022535559073865298, 'Ku': 0.9841449498700063, 'u': 0.012468543829576654, 'cold': 0.00044834281774439174, 'Helsinki': 0.002041007745924889}",Ku,True
120,"You don't like hot weather. If I were you, between Minsk and Yakutsk I would visit ->",Yakutsk,Minsk,"{'Yak': 0.0002304259512158448, 'Belarus': 0.0003013340825213138, 'M': 0.9992163649024833, '': 0.00015719444747481698, 'cold': 3.7915255768300994e-05}",M,False
121,"You don't like hot weather. If I were you, between Mumbai and Milwaukee I would visit ->",Milwaukee,Mumbai,"{'Milwaukee': 0.9816597435502885, 'WI': 6.94848371291387e-05, 'W': 4.693429091960498e-05, 'isconsin': 2.7296938634273165e-05, 'Wisconsin': 0.0180741109295583}",Milwaukee,True
122,"You don't like hot weather. If I were you, between Belize City and Suwałki I would visit ->",Suwałki,Belize City,"{'SU': 0.0025112581410716667, 'Su': 0.9900850469827821, 'Warsaw': 0.001714120770649053, 'W': 0.0010969013815979583, 'u': 0.0011885336007534085}",Su,True
123,"You don't like hot weather. If I were you, between Kathmandu and Ulaanbaatar I would visit ->",Ulaanbaatar,Kathmandu,"{'Mongolia': 0.00034012430643850833, 'cold': 0.000505840730541695, 'U': 0.9973107978996688, '': 0.0006174793075895812, 'Ark': 0.00017324600141782487}",U,True
124,"You don't like hot weather. If I were you, between Cayenne and Berlin I would visit ->",Berlin,Cayenne,"{'Berlin': 0.9999593968993282, 'er': 2.5401559199924914e-05, 'Germany': 1.0805189823966017e-05, 'cold': 1.1627426384695777e-06, 'Dresden': 7.2717112643049e-07}",Berlin,True
125,"You don't like hot weather. If I were you, between Abéché and Nur-Sultan I would visit ->",Nur-Sultan,Abéché,"{'Ni': 0.0045331768222858174, 'Ab': 0.04747113675011617, 'Nur': 0.9196486813197126, 'Ash': 0.006449841642669227, 'Ark': 0.0032620514577490385}",Nur,True
126,"You don't like hot weather. If I were you, between Tamanrasset and Bergen I would visit ->",Bergen,Tamanrasset,"{'Norway': 0.00012496348291777485, 'ber': 5.228076691183247e-05, 'er': 0.0005031841255876712, 'Ber': 0.9991453185484347, 'cold': 4.9630747848585634e-05}",Ber,True
127,"You don't like hot weather. If I were you, between Yaoundé and Brussels I would visit ->",Brussels,Yaoundé,"{'Belg': 0.00011355128192004884, 'Belgium': 0.0036463208720563765, 'Brussels': 0.9916142621079688, 'Br': 0.004253283525958554, 'cold': 9.880498490294387e-05}",Brussels,True
128,"You don't like hot weather. If I were you, between Surabaya and Bergen I would visit ->",Bergen,Surabaya,"{'Norway': 3.686721073214217e-05, 'ber': 0.00011380580807596866, 'er': 0.0005807614910153958, 'Ber': 0.9990855915264618, 'cold': 6.055194295746382e-05}",Ber,True
129,"You don't like hot weather. If I were you, between Kunming and Saskatoon I would visit ->",Saskatoon,Kunming,"{'Edmonton': 1.0916021342090942e-05, 'Winnipeg': 0.00031340038486871017, 'Sask': 0.850447174658444, 'Saskatchewan': 0.14920198306208013, 'cold': 8.431170046753951e-06}",Sask,True
130,"You don't like hot weather. If I were you, between Ho Chi Minh City and Christchurch I would visit ->",Christchurch,Ho Chi Minh City,"{'hrist': 3.609897811824181e-05, 'Christ': 0.9985642297058155, 'Canterbury': 0.00040945305542887525, 'CHRIST': 0.0002303598284569156}",Christ,True
131,"You don't like hot weather. If I were you, between Baghdad and Saskatoon I would visit ->",Saskatoon,Baghdad,"{'Edmonton': 1.822055874550069e-05, 'Winnipeg': 0.0002180947405288512, 'Sask': 0.9076381073629701, 'Saskatchewan': 0.09210661630753343, 'SAS': 6.036380382951321e-06}",Sask,True
132,"You don't like hot weather. If I were you, between Ségou and Calgary I would visit ->",Calgary,Ségou,"{'Alberta': 0.000782464972601845, 'Calgary': 0.9971726318553287, 'Edmonton': 0.0015689676871405568, 'Winnipeg': 7.406103554962021e-05, 'cold': 0.0001998337074546191}",Calgary,True
133,"You don't like hot weather. If I were you, between Maputo and Chicago I would visit ->",Chicago,Maputo,"{'Chi': 1.6075390431778854e-05, 'hicago': 0.0011131171012043629, 'Chicago': 0.9982473097586135, 'Chic': 0.0004192922865390722, 'Illinois': 0.00013764742959960873}",Chicago,True
134,"You don't like hot weather. If I were you, between Bata and Belgrade I would visit ->",Belgrade,Bata,"{'el': 4.388021600234357e-05, 'Serbia': 0.0006980598596975309, 'Bel': 0.9991134283970426, 'cold': 3.0439422405590755e-05, 'Balkans': 5.505620419808076e-05}",Bel,True
135,"You don't like hot weather. If I were you, between Karachi and Anchorage I would visit ->",Anchorage,Karachi,"{'Alaska': 0.007229216619970075, 'cold': 0.0011380564954526602, 'Anchorage': 0.9907371796903586, 'Ash': 0.0002975084291805418, 'Al': 0.00016305516154830043}",Anchorage,True
136,"You don't like hot weather. If I were you, between San Juan and Vladivostok I would visit ->",Vladivostok,San Juan,"{'Vlad': 0.9981613019801622, 'Vladimir': 0.00042615219936410694, 'Siberia': 0.00023001638786325108, 'Siberian': 0.00021674922887068187, 'Ark': 0.00019136709713858164}",Vlad,True
137,"You don't like hot weather. If I were you, between Harare and Moscow I would visit ->",Moscow,Harare,"{'Russia': 0.00016949790349183463, 'Warsaw': 8.354538841148017e-05, 'cold': 0.00016051663113237532, 'oscow': 0.003382814241808115, 'Moscow': 0.9960373939258917}",Moscow,True
138,"You don't like hot weather. If I were you, between Willemstad and Beijing I would visit ->",Beijing,Willemstad,"{'Beijing': 0.9759977499019812, 'China': 0.0009735659404566436, 'Warsaw': 0.016486902519303015, 'W': 0.0027015775468064076, 'cold': 0.0009894189562650493}",Beijing,True
139,"You don't like hot weather. If I were you, between Port Sudan and Yakutsk I would visit ->",Yakutsk,Port Sudan,"{'Yak': 0.9994646197271911, 'yak': 3.322772301212947e-05, 'cold': 0.00010344980900796432, 'Y': 6.0362711677450115e-05, 'Ark': 0.0002540442737583627}",Yak,True
140,"You don't like hot weather. If I were you, between Brisbane and Denver I would visit ->",Denver,Brisbane,"{'Denver': 0.9902241651899403, 'Broncos': 0.00011790032427507576, 'Rockies': 0.0002462988307767208, 'enver': 0.0011562029058994933, 'Colorado': 0.007867554514298656}",Denver,True
141,"You don't like hot weather. If I were you, between Fianarantsoa and Anchorage I would visit ->",Anchorage,Fianarantsoa,"{'Alaska': 0.01856607664068781, 'cold': 0.0006902760278537704, 'Anchorage': 0.9796696029586928, 'Ash': 0.0002107763371936246, 'Al': 0.00041971107503222}",Anchorage,True
142,"You don't like hot weather. If I were you, between Makurdi and Kunming I would visit ->",Kunming,Makurdi,"{'Mak': 0.002649717098409317, 'Kun': 0.9701493230924858, 'Chong': 0.007502889994960772, 'cold': 0.0093953255059052, 'K': 0.004812238107835863}",Kun,True
143,"You don't like hot weather. If I were you, between Conakry and Bishkek I would visit ->",Bishkek,Conakry,"{'Warsaw': 3.282487322272277e-05, 'B': 0.9997723563447498, 'Budapest': 9.43693707364296e-05, 'Sof': 1.1577662069827503e-05, 'cold': 2.440096200519258e-05}",B,True
144,"You don't like hot weather. If I were you, between Mumbai and Ljubljana I would visit ->",Ljubljana,Mumbai,"{'Sloven': 0.002945025803845483, 'Slovenia': 0.0009033495327372181, 'L': 0.9959441114240459, '': 0.0001625176413391243, 'cold': 1.5991423670957976e-05}",L,True
145,"You don't like hot weather. If I were you, between Kuwait City and Erzurum I would visit ->",Erzurum,Kuwait City,"{'E': 0.00012793950793632186, 'cold': 0.0006866437219794989, 'Er': 0.9970879323186892, 'Ark': 0.0005523945513903265, 'r': 0.0007805439574436451}",Er,True
146,"You don't like hot weather. If I were you, between Makurdi and Milwaukee I would visit ->",Milwaukee,Makurdi,"{'Milwaukee': 0.9949027502922516, 'WI': 1.7477049410695572e-05, 'Warsaw': 2.242163986594966e-05, 'W': 7.323493476185186e-05, 'Wisconsin': 0.004914525850129563}",Milwaukee,True
147,"You don't like hot weather. If I were you, between Makurdi and Minsk I would visit ->",Minsk,Makurdi,"{'m': 3.280335326823937e-07, 'Belarus': 5.791043297885464e-05, 'M': 0.9999346027984902, '': 3.5654902358133658e-06, 'cold': 1.7375421514055043e-06}",M,False
148,"You don't like hot weather. If I were you, between San Antonio and Bergen I would visit ->",Bergen,San Antonio,"{'Norway': 0.00011379329012558007, 'ber': 8.920718252850425e-05, 'er': 0.0005952946886409693, 'Ber': 0.9990047101298537, 'cold': 6.152752021941806e-05}",Ber,True
149,"You don't like hot weather. If I were you, between Manaus and La Serena I would visit ->",La Serena,Manaus,"{'a': 0.000307272678811391, 'L': 6.478666168345617e-07, 'La': 0.9996822957286938, 'cold': 1.0931435736343751e-06, 'la': 2.4983825886549606e-06}",La,True
150,"You don't like hot weather. If I were you, between Houston and Pittsburgh I would visit ->",Pittsburgh,Houston,"{'Pitt': 0.0012550616300431813, 'Pittsburgh': 0.9967068768637415, 'Steelers': 0.0012619597615987587, 'itt': 0.0005873372333196445, 'PIT': 6.587562918189822e-05}",Pittsburgh,True
151,"You don't like hot weather. If I were you, between Kano and Kansas City I would visit ->",Kansas City,Kano,"{'KC': 0.00010011770641730969, 'ansas': 0.006111399385657246, 'Wichita': 0.0003105458507564251, 'K': 0.0014816607380625485, 'Kansas': 0.991923906298309}",Kansas,True
152,"You don't like hot weather. If I were you, between Niamey and Bratislava I would visit ->",Bratislava,Niamey,"{'Br': 0.9963943687558057, 'Slov': 0.0013089421330782739, 'Sloven': 1.805405941740613e-05, 'Slovakia': 0.0021413645777683334, 'r': 4.572460510630903e-05}",Br,True
153,"You don't like hot weather. If I were you, between Beirut and Saint Petersburg I would visit ->",Saint Petersburg,Beirut,"{'Petersburg': 0.007171289456671652, 'cold': 2.1585753954700587e-05, 'aint': 7.64061780906758e-05, 'St': 0.9374102209905584, 'Saint': 0.0552075367330568}",St,True
154,"You don't like hot weather. If I were you, between Changsha and Minsk I would visit ->",Minsk,Changsha,"{'Belarus': 9.394303218464326e-05, 'M': 0.9998934718305285, '': 7.947056098120525e-06, 'cold': 2.1671838461318024e-06, 'St': 2.239222373614223e-07}",M,True
155,"You don't like hot weather. If I were you, between La Ceiba and Santiago I would visit ->",Santiago,La Ceiba,"{'Chile': 7.33060071130886e-05, 'Stockholm': 4.295545111037737e-05, 'Santiago': 0.9959045941416571, 'Conce': 0.0035628000940812928, 'cold': 0.00018473115611669096}",Santiago,True
156,"You don't like hot weather. If I were you, between Manila and Palmerston North I would visit ->",Palmerston North,Manila,"{'al': 0.0006237094019942257, 'Palmer': 0.9751943446512596, 'Wellington': 0.001253150372866884, 'Dun': 0.007757028060791941, 'New': 0.013046348406017177}",Palmer,True
157,"You don't like hot weather. If I were you, between Manila and London I would visit ->",London,Manila,"{'City': 7.640137175795333e-06, 'ondon': 0.0006742389396562527, 'London': 0.9992576725614422, 'England': 1.950963718232736e-05, 'cold': 1.1794585355297614e-05}",London,True
158,"You don't like hot weather. If I were you, between Bangui and Neuquén I would visit ->",Neuquén,Bangui,"{'NE': 0.0001419327789673712, 'Ni': 0.005522137308855508, 'Ne': 0.9928361942676258, 'cold': 0.0003552352187056741, 'e': 0.0007604075640025606}",Ne,True
159,"You don't like hot weather. If I were you, between Panama City and Ljubljana I would visit ->",Ljubljana,Panama City,"{'Sloven': 0.002773257935237774, 'Slovenia': 0.0013572613808315239, 'L': 0.9957371004613267, '': 0.00010657996601117845, 'cold': 7.202156953006341e-06}",L,True
160,"You don't like hot weather. If I were you, between Paramaribo and Santiago I would visit ->",Santiago,Paramaribo,"{'Chile': 3.109728629443193e-05, 'Stockholm': 2.7056561845536163e-05, 'Santiago': 0.9993694312920622, 'Conce': 0.0004302801714237881, 'cold': 4.138703046523847e-05}",Santiago,True
161,"You don't like hot weather. If I were you, between Tamanrasset and Omaha I would visit ->",Omaha,Tamanrasset,"{'Om': 3.476004694553651e-06, 'Nebraska': 0.0005067262201143176, 'Omaha': 0.9958583981867027, 'O': 0.0036167324459821827, '': 4.202987399178153e-06}",Omaha,True
162,"You don't like hot weather. If I were you, between Suva and Sucre I would visit ->",Sucre,Suva,"{'S': 0.00018047938450190806, 'C': 7.673412755388602e-05, 'cold': 0.000746891971317228, 'Suc': 0.9971120730071426, 'suc': 0.0016224661053328732}",Suc,True
163,"You don't like hot weather. If I were you, between La Paz and Yinchuan I would visit ->",Yinchuan,La Paz,"{'C': 3.992659159646157e-05, 'y': 6.31942020964476e-05, 'Yin': 0.0001350362901127902, '': 2.5140008919728227e-05, 'Y': 0.9996408702025493}",Y,True
164,"You don't like hot weather. If I were you, between Kingston and Sucre I would visit ->",Sucre,Kingston,"{'S': 0.0005275540148692272, 'C': 0.00021840421823876108, 'cold': 0.0019336021822138525, 'Suc': 0.9963370894835127, 'suc': 0.0005577495675496157}",Suc,True
165,"You don't like hot weather. If I were you, between Nairobi and Halifax I would visit ->",Halifax,Nairobi,"{'Nova': 3.1569597655364274e-05, 'Har': 1.0318203350549644e-06, 'Halifax': 0.9999535559305592, 'al': 4.907612436018363e-06, 'Dartmouth': 3.4047978115285293e-06}",Halifax,True
166,"You don't like hot weather. If I were you, between Djibouti and Lisbon I would visit ->",Lisbon,Djibouti,"{'Madrid': 0.00038437750590388566, 'Portugal': 0.0382893151317694, 'Lis': 0.0025026227425642227, 'Lisbon': 0.9569806740865668, 'cold': 0.0011124794678047877}",Lisbon,True
167,"You don't like hot weather. If I were you, between Fianarantsoa and Erzurum I would visit ->",Erzurum,Fianarantsoa,"{'Har': 7.855732067189404e-05, 'cold': 0.00020690640845696844, 'Er': 0.9985449168615251, 'Ark': 0.0004191498771389411, 'r': 0.0003720751157559186}",Er,True
168,"You don't like hot weather. If I were you, between Monterrey and Boise I would visit ->",Boise,Monterrey,"{'o': 5.8582063022685414e-05, 'Idaho': 0.00033840143151360615, 'Boulder': 9.048183849541145e-06, 'Boise': 0.9994007826024957, 'cold': 0.00010398790122138843}",Boise,True
169,"You don't like hot weather. If I were you, between La Paz and Yerevan I would visit ->",Yerevan,La Paz,"{'Armenia': 0.00498702020945027, 'E': 5.0590436576404885e-05, '': 4.783112403122049e-05, 'Y': 0.99468316665904, 'Ash': 0.00014933969719205942}",Y,True
170,"You don't like hot weather. If I were you, between Mumbai and Denver I would visit ->",Denver,Mumbai,"{'Denver': 0.9937232294447269, 'Boulder': 2.518572984081323e-05, 'Rockies': 7.353757925682618e-05, 'enver': 0.0006114798225677553, 'Colorado': 0.005426881605321475}",Denver,True
171,"You don't like hot weather. If I were you, between Tampa and Milwaukee I would visit ->",Milwaukee,Tampa,"{'Milwaukee': 0.9935451317463981, 'WI': 2.9283832091292913e-05, 'Warsaw': 3.623590789390255e-05, 'Brewers': 7.041515838564178e-05, 'Wisconsin': 0.0062294203016906805}",Milwaukee,True
172,"You don't like hot weather. If I were you, between Karachi and Canberra I would visit ->",Canberra,Karachi,"{'Adelaide': 3.411999438182842e-05, 'Canberra': 0.9996926683360542, 'colder': 1.7090872651979473e-05, 'Capitals': 1.5666717503865582e-05, 'cold': 9.063727551535107e-05}",Canberra,True
173,"You don't like hot weather. If I were you, between Phnom Penh and Toronto I would visit ->",Toronto,Phnom Penh,"{'Ontario': 4.7466611968698836e-05, 'T': 2.3687833406789955e-05, 'oronto': 0.00713198059372063, 'cold': 2.6555624158442693e-05, 'Toronto': 0.9927123963059383}",Toronto,True
174,"You don't like hot weather. If I were you, between Mahajanga and Asmara I would visit ->",Asmara,Mahajanga,"{'As': 0.9977469275865544, 'Tehran': 0.0011653800756240484, 'Edinburgh': 3.4871767858851466e-05, 'cold': 3.321579640052295e-05, 'Ash': 0.0009496244189634686}",As,True
175,"You don't like hot weather. If I were you, between Conakry and Murmansk I would visit ->",Murmansk,Conakry,"{'ur': 0.00409030393480557, 'Sochi': 1.8726723314100384e-05, 'cold': 5.9892036994629096e-05, 'Mur': 0.995764998418477, 'Ark': 2.253637246434355e-05}",Mur,True
176,"You don't like hot weather. If I were you, between Garoua and Canberra I would visit ->",Canberra,Garoua,"{'Canberra': 0.9997855893092583, 'Capitals': 1.6337083056210563e-05, 'O': 1.7822515219612846e-05, 'Conce': 1.879116021570407e-05, 'cold': 4.598000177617243e-05}",Canberra,True
177,"You don't like hot weather. If I were you, between Lima and Ürümqi I would visit ->",Ürümqi,Lima,"{'ytes: \\xc4': 0.0011229434058487018, 'O': 0.0007508234653082232, 'cold': 0.0013190585718211784, 'U': 0.00593126539520828, 'Ü': 0.9873800568515966}",Ü,True
178,"You don't like hot weather. If I were you, between Valencia and Río Gallegos I would visit ->",Río Gallegos,Valencia,"{'C': 0.000674909196395101, 'R': 0.9855835151922214, 'colder': 0.00047267051397171145, 'cold': 0.007298473954572964, 'Gal': 0.001892389429475381}",R,True
179,"You don't like hot weather. If I were you, between Panama City and Lisbon I would visit ->",Lisbon,Panama City,"{'Portugal': 0.05929092619190915, 'Lis': 0.0010703763108012069, 'Budapest': 0.0003900652988138002, 'Lisbon': 0.9365031532925799, 'cold': 0.0018932828481163064}",Lisbon,True
180,"You don't like hot weather. If I were you, between Rangpur and Zürich I would visit ->",Zürich,Rangpur,"{'Z': 0.9587251910355069, 'Switzerland': 4.291650817950911e-05, 'Zur': 0.00010270292093529358, 'R': 0.00014318271729528537, 'Zurich': 0.040912734803846114}",Z,True
181,"You don't like hot weather. If I were you, between Makurdi and Moscow I would visit ->",Moscow,Makurdi,"{'Warsaw': 6.79143639579375e-05, 'Sochi': 8.275335505977544e-05, 'cold': 0.00016287182763622012, 'oscow': 0.0032151444251994218, 'Moscow': 0.9962914895733289}",Moscow,True
182,"You don't like hot weather. If I were you, between Damascus and Ulaanbaatar I would visit ->",Ulaanbaatar,Damascus,"{'Winnipeg': 0.005036195716864012, 'Edinburgh': 0.022818182106802695, 'cold': 0.0077488874558935975, 'U': 0.9335271895172949, 'Detroit': 0.01074960789454218}",U,True
183,"You don't like hot weather. If I were you, between San Juan and Toronto I would visit ->",Toronto,San Juan,"{'Ontario': 2.4336579749983886e-05, 'Winnipeg': 2.528687680913717e-05, 'oronto': 0.008737851004851685, 'cold': 1.3233183254146966e-05, 'Toronto': 0.9911591819034106}",Toronto,True
184,"You don't like hot weather. If I were you, between Beirut and Yakutsk I would visit ->",Yakutsk,Beirut,"{'Yak': 0.9972871930292061, 'cold': 0.0007710076209107926, 'Y': 0.00014073315195888632, 'Ash': 0.00010870595299209681, 'Ark': 0.0013647395150787366}",Yak,True
185,"You don't like hot weather. If I were you, between Brasília and Lhasa I would visit ->",Lhasa,Brasília,"{'Tibet': 0.003618478302301858, 'T': 0.00012061402342000694, 'L': 0.9954399112214499, '': 0.00047937206903483036, 'cold': 0.00011759618070799118}",L,True
186,"You don't like hot weather. If I were you, between Muscat and Minneapolis I would visit ->",Minneapolis,Muscat,"{'Minneapolis': 0.9952122196354546, 'Winnipeg': 0.00017931347980610824, 'Midwest': 1.6307311376741863e-05, 'innesota': 2.0447437274062777e-05, 'Minnesota': 0.004489699077838036}",Minneapolis,True
187,"You don't like hot weather. If I were you, between Asmara and Reykjavík I would visit ->",Reykjavík,Asmara,"{'Iceland': 0.05494490077399376, 'ce': 0.0002461962686737428, 'Rey': 0.9419286220946248, 'Icelandic': 0.0022664414969127645, 'cold': 0.00013554511785067994}",Rey,True
188,"You don't like hot weather. If I were you, between Pontianak and Sacramento I would visit ->",Sacramento,Pontianak,"{'Sacrament': 0.00011356422750407199, 'Sacramento': 0.9998531796991554, 'S': 5.697369391018946e-06, 'California': 4.925262427442036e-06, 'Sac': 8.149670996939606e-06}",Sacramento,True
189,"You don't like hot weather. If I were you, between San José and Zürich I would visit ->",Zürich,San José,"{'Z': 0.9416782813206004, 'Switzerland': 0.0001522417256465841, 'Swiss': 6.0545797247153735e-05, 'Zur': 0.0001279727765331156, 'Zurich': 0.05788288696542356}",Z,True
190,"You don't like hot weather. If I were you, between Garissa and Viedma I would visit ->",Viedma,Garissa,"{'C': 0.09560426948854378, 'Vil': 0.28097859132677544, 'cold': 0.13383602799604988, 'V': 0.2308174362941613, 'Gar': 0.08205204811220915}",Vil,True
191,"You don't like hot weather. If I were you, between Niamey and Frankfurt I would visit ->",Frankfurt,Niamey,"{'German': 2.565325740663196e-05, 'Frankfurt': 0.9993244298503413, 'Germany': 0.00040745478031213535, 'cold': 8.865022388089838e-05, 'Frank': 3.2368688718705695e-05}",Frankfurt,True
192,"You don't like hot weather. If I were you, between La Paz and Ankara I would visit ->",Ankara,La Paz,"{'Istanbul': 0.0007448013644759052, 'Ankara': 0.9989009394099863, 'ytes: \\xc4': 0.00014603240628929904, 'colder': 6.164749264400876e-05, 'cold': 6.183085785971959e-05}",Ankara,True
193,"You don't like hot weather. If I were you, between Cairo and London I would visit ->",London,Cairo,"{'City': 2.006464995398724e-05, 'ondon': 0.0006848741905506157, 'London': 0.999188529920067, 'England': 3.139801134554839e-05, 'cold': 2.3182636180711307e-05}",London,True
194,"You don't like hot weather. If I were you, between Antsiranana and Albuquerque I would visit ->",Albuquerque,Antsiranana,"{'Edmonton': 0.00010346801777667452, 'colder': 0.0001326300346771808, 'Albuquerque': 0.9967919340755059, 'cold': 0.0019018028010851758, 'New': 0.0005658217266261121}",Albuquerque,True
195,"You don't like hot weather. If I were you, between Palermo and Saskatoon I would visit ->",Saskatoon,Palermo,"{'Edmonton': 4.876684376803203e-06, 'Winnipeg': 0.00022628597103986324, 'Sask': 0.7442346828125639, 'Saskatchewan': 0.25551953866300037, 'cold': 3.1854818280162562e-06}",Sask,True
196,"You don't like hot weather. If I were you, between El Paso and Lviv I would visit ->",Lviv,El Paso,"{'Ukrainian': 4.900442293243232e-05, 'Lv': 0.9858199663103607, 'v': 0.013439824526988574, 'Vil': 0.00038239872920547096, 'cold': 0.00011321555386496109}",Lv,True
197,"You don't like hot weather. If I were you, between Phnom Penh and Irkutsk I would visit ->",Irkutsk,Phnom Penh,"{'Siberia': 0.004713989980253733, 'cold': 0.0041589277098109155, 'Siberian': 0.0056970886373721875, 'Ir': 0.8936610360609729, 'Ark': 0.08415910201697953}",Ir,True
198,"You don't like hot weather. If I were you, between Panama City and Boise I would visit ->",Boise,Panama City,"{'o': 5.436652188872049e-05, 'Idaho': 0.0010594785773977277, 'B': 1.13900886202988e-05, 'Boise': 0.9986369483998385, 'cold': 0.00014476005200775093}",Boise,True
199,"You don't like hot weather. If I were you, between Manaus and Nur-Sultan I would visit ->",Nur-Sultan,Manaus,"{'Ni': 0.00238779245230265, 'Man': 0.4905963191193998, 'Winnipeg': 0.0017363593245056565, 'N': 0.0019022767893996971, 'Nur': 0.5014274239494788}",Nur,True
